2.453102453102453187e-02
3.623536956870290066e-02
4.377104377104377303e-02
4.842071508738175073e-02
4.938271604938271331e-02
5.804072470739137651e-02
5.691839025172358568e-02
6.541606541606541370e-02
6.750040083373416711e-02
7.503607503607503948e-02
9.347442680776013590e-02
1.248997915664582375e-01
1.459034792368125721e-01
1.822991822991822941e-01
2.127625460958794401e-01
2.470739137405804087e-01
2.754529421196088013e-01
3.184223184223184400e-01
3.294853294853294923e-01
3.657206990540323721e-01
3.894500561167227870e-01
4.114157447490781050e-01
4.362674362674362483e-01
4.529421196087862755e-01
4.681738015071348347e-01
4.885361552028218424e-01
4.979958313291646399e-01
5.044091710758377145e-01
5.212441879108545839e-01
5.369568702902036694e-01
5.512265512265511758e-01
5.553952220618887381e-01
5.658168991502324774e-01
5.739939073272406489e-01
5.802469135802469369e-01
5.858585858585858563e-01
5.930735930735930861e-01
6.091069424402757448e-01
6.129549462882796229e-01
6.147186147186146643e-01
6.201699535032868527e-01
6.313932980599646916e-01
6.349206349206348854e-01
6.376463043129709796e-01
6.357223023889690960e-01
6.422959756293089573e-01
6.544813211479878490e-01
6.523969857303190123e-01
6.477473144139810346e-01
6.475869809203143035e-01
6.626583293249960205e-01
6.621773288439954941e-01
6.724386724386723913e-01
6.719576719576719759e-01
6.775693442360108953e-01
6.798140131473464631e-01
6.775693442360108953e-01
6.761263427930094272e-01
6.809363476030142470e-01
6.875100208433542193e-01
6.926406926406926123e-01
6.932820266153599809e-01
6.921596921596921970e-01
6.960076960076959640e-01
7.000160333493666842e-01
7.101170434503767392e-01
7.070707070707070718e-01
7.048260381593715040e-01
7.051467051467051883e-01
7.093153759820426396e-01
7.182940516273849108e-01
7.179733846400513375e-01
7.194163860830526946e-01
7.224627224627224731e-01
7.141253807920474594e-01
7.182940516273849108e-01
7.259900593233926669e-01
7.250280583613917251e-01
7.160493827160493430e-01
7.229437229437228885e-01
7.242263908930575145e-01
7.259900593233926669e-01
7.306397306397306446e-01
7.319223985890652706e-01
7.248677248677248830e-01
7.359307359307358798e-01
7.332050665383998966e-01
7.381754048420715586e-01
7.357704024370691487e-01
7.348084014750680959e-01
7.418630751964084835e-01
7.376944043610710322e-01
7.381754048420715586e-01
7.421837421837421678e-01
7.372134038800705058e-01
7.433060766394099517e-01
7.447490780824114198e-01
7.493987493987493975e-01
7.450697450697451041e-01
7.410614077280743839e-01
7.473144139810806719e-01
7.455507455507455195e-01
7.476350809684143561e-01
7.498797498797499239e-01
7.482764149430816136e-01
7.474747474747475140e-01
7.485970819304152979e-01
7.453904120570786773e-01
7.492384159050825554e-01
7.553310886644220012e-01
7.572550905884238848e-01
7.505210838544171814e-01
7.638287638287638570e-01
7.527657527657527492e-01
7.678371011704344662e-01
7.599807599807599789e-01
7.586980920314253529e-01
7.561327561327561009e-01
7.593394260060927214e-01
7.644700978034311145e-01
7.604617604617605053e-01
7.601410934744268211e-01
7.545294211960879016e-01
7.583774250440916687e-01
7.564534231200897851e-01
7.591790925124258793e-01
7.641494308160974303e-01
7.585377585377585108e-01
7.649510982844316409e-01
7.647907647907647988e-01
7.724867724867724439e-01
7.692801026134359343e-01
7.657527657527657405e-01
7.753727753727753802e-01
7.667147667147666823e-01
7.687991021324355190e-01
7.670354337021003666e-01
7.649510982844316409e-01
7.570947570947570426e-01
7.687991021324355190e-01
7.712041045374378179e-01
7.761744428411094798e-01
7.712041045374378179e-01
7.697611030944364607e-01
7.702421035754368761e-01
7.728074394741061282e-01
7.736091069424402278e-01
7.764951098284431641e-01
7.734487734487734967e-01
7.726471059804392860e-01
