1.243241028045373496e-03
1.686462114263488545e-03
2.147838557592699014e-03
2.132224571888920606e-03
2.223831473948725650e-03
2.921290013922204099e-03
2.357855951555366033e-03
2.269091003634021893e-03
2.584349702970523480e-03
3.254412076936643184e-03
4.470294172524898538e-03
7.477337613477645986e-03
1.025026433270567229e-02
1.530280928059718146e-02
1.744954056485324353e-02
1.882370863027786612e-02
2.164138178855238084e-02
2.549593832407539770e-02
2.615283339584485375e-02
2.919165101684379968e-02
2.771745255450028256e-02
2.888107211371881630e-02
2.510654459391647650e-02
2.726341654346602084e-02
2.476196730284593514e-02
2.492249483738848484e-02
2.497725928124351277e-02
2.616257325629803288e-02
2.384719078281719029e-02
2.541756058471495924e-02
2.591783514367497140e-02
2.593868324315894841e-02
2.537523085847491131e-02
2.349149663330596383e-02
2.192943612740462858e-02
2.332049976579421077e-02
2.385724555340993855e-02
2.438372265397465571e-02
2.428620555625242775e-02
2.373494292848982168e-02
2.610663393674145238e-02
2.291112163825230474e-02
2.304675964597232077e-02
2.400764962073080946e-02
2.440680111936676874e-02
2.298827979008562228e-02
2.179364699956439291e-02
2.605039057031648467e-02
2.295380414448000561e-02
2.226256307492201561e-02
2.133630595936702665e-02
2.228319816333564421e-02
2.355661322989452758e-02
2.051526829951438868e-02
2.078950728486469654e-02
2.304137799509816190e-02
2.458018894463858545e-02
2.327515947591187601e-02
2.073845423403278612e-02
2.177607610875994040e-02
2.257608986755406041e-02
2.061606112180268402e-02
1.854937804321850348e-02
1.885391855022897079e-02
2.072827865180973742e-02
2.358663154305345316e-02
2.134209000882115667e-02
2.226727596322986003e-02
2.272835129675952401e-02
2.179453087074195369e-02
2.024304415935690438e-02
2.344581921980426129e-02
2.091175915393049534e-02
2.230086664198781266e-02
2.160990458305523526e-02
2.032531596964855594e-02
1.825273507282514432e-02
1.928039584872255630e-02
2.361610963965679252e-02
2.147092988067911962e-02
2.300774749119779625e-02
2.387087381932343974e-02
2.159635447456604435e-02
1.965554494842327443e-02
1.988782899453580763e-02
2.083486456484828081e-02
1.952438038482723695e-02
2.242595503269276258e-02
1.933206943756810361e-02
1.786205001242915577e-02
1.826342378300583116e-02
2.071305454417691691e-02
1.555676173034966671e-02
1.678736579993228908e-02
1.857977362005265587e-02
1.738093375956279926e-02
1.795830273030638718e-02
1.800387153289489603e-02
1.641694868576731164e-02
1.882338954566962000e-02
1.568659976899177202e-02
1.850446516297166166e-02
1.825170059785871657e-02
1.883480973569012784e-02
1.860845889950691473e-02
1.477884958754571189e-02
1.455338457448084911e-02
1.667579108555536371e-02
1.696041300283559344e-02
1.791012209130250776e-02
1.784300695725394431e-02
1.720318882741164040e-02
1.608126392107086383e-02
1.561740273472967538e-02
1.495274258776084497e-02
1.574476484380067653e-02
1.711134669144410633e-02
1.607914983799757155e-02
1.696374748665014850e-02
1.718599778681288021e-02
1.603923952116294641e-02
1.462786350813356437e-02
1.761322996594546705e-02
1.875024863888201734e-02
1.830754152661135878e-02
1.407106398833936171e-02
1.609396240745342849e-02
1.948145779098147540e-02
1.652600150086202049e-02
1.409709035108519005e-02
1.273008683629442937e-02
1.629003078484038067e-02
1.323644937827184349e-02
1.671289407611850283e-02
1.541686702503071091e-02
1.357430253820523895e-02
1.491331828732784040e-02
1.517866856165417042e-02
1.626289257937882718e-02
1.328365607435869587e-02
1.304298146118347893e-02
1.500161654748560780e-02
1.563453053251585845e-02
1.569052632451829049e-02
1.565177732984235348e-02
1.531084668213523320e-02
1.270603346870400989e-02
1.618734856547498352e-02
1.416577794142442719e-02
1.559975171956654721e-02
