2.356902356902356929e-02
3.222703222703222903e-02
4.441237774571107910e-02
4.697771364438031033e-02
4.970338303671636981e-02
5.339105339105339187e-02
5.579605579605579485e-02
5.210838544171877279e-02
5.916305916305916041e-02
6.317139650472983203e-02
7.615840949174282337e-02
9.026775693442359860e-02
1.079044412377745676e-01
1.401314734648068105e-01
1.689915023248356463e-01
1.981721981721981662e-01
2.228635561968895229e-01
2.615039281705948127e-01
2.945326278659611829e-01
3.132916466249799359e-01
3.461600128266795195e-01
3.708513708513708762e-01
3.905723905723905709e-01
4.149430816097482988e-01
4.287317620650953898e-01
4.452461119127785749e-01
4.635241301907968570e-01
4.816418149751482969e-01
4.955908289241622300e-01
5.016835016835017313e-01
5.167548500881834483e-01
5.217251883918551103e-01
5.395222061888728105e-01
5.419272085938752204e-01
5.401635401635401790e-01
5.504248837582170761e-01
5.595638928972261894e-01
5.755972422639089592e-01
5.796055796055795684e-01
5.864999198332531138e-01
5.864999198332531138e-01
5.917909251242584601e-01
6.026936026936027258e-01
6.033349366682699833e-01
6.083052749719416452e-01
6.067019400352733349e-01
6.164822831489498167e-01
6.196889530222863263e-01
6.240179573512907307e-01
6.331569664902998440e-01
6.345999679333013122e-01
6.360429693763026693e-01
6.374859708193041374e-01
6.418149751483084309e-01
6.422959756293089573e-01
6.450216450216450514e-01
6.440596440596441097e-01
6.466249799583132507e-01
6.597723264389930842e-01
6.527176527176526966e-01
6.663459996793330564e-01
6.543209876543210068e-01
6.634599967933301201e-01
6.729196729196729176e-01
6.716370049703382916e-01
6.738816738816738594e-01
6.825396825396825573e-01
6.807760141093474049e-01
6.809363476030142470e-01
6.791726791726792056e-01
6.775693442360108953e-01
6.854256854256853826e-01
6.902356902356902024e-01
6.825396825396825573e-01
6.944043610710277648e-01
6.889530222863555764e-01
6.947250280583613380e-01
7.004970338303672106e-01
7.016193682860349945e-01
7.016193682860349945e-01
6.977713644380311164e-01
7.059483726150392879e-01
6.963283629950296483e-01
7.027417027417027784e-01
6.996953663620330000e-01
6.998556998556998421e-01
7.051467051467051883e-01
7.009780343113676260e-01
7.073913740580407561e-01
7.142857142857143016e-01
7.158890492223825008e-01
7.112393779060445231e-01
7.189353856020522793e-01
7.197370530703863789e-01
7.223023889690556310e-01
7.166907166907167115e-01
7.174923841590508111e-01
7.242263908930575145e-01
7.227833894500561573e-01
7.202180535513869053e-01
7.264710598043930823e-01
7.232643899310565727e-01
7.237453904120570991e-01
7.272727272727272929e-01
7.282347282347282347e-01
7.202180535513869053e-01
7.206990540323873207e-01
7.272727272727272929e-01
7.346480679814013648e-01
7.311207311207311710e-01
7.359307359307358798e-01
7.311207311207311710e-01
7.349687349687349380e-01
7.344877344877345227e-01
7.346480679814013648e-01
7.413820747154080681e-01
7.338464005130671541e-01
7.356100689434023066e-01
7.394580727914060736e-01
7.356100689434023066e-01
7.402597402597402843e-01
7.359307359307358798e-01
7.328843995510662124e-01
7.386564053230719740e-01
7.405804072470739685e-01
7.471540804874138297e-01
7.384960718294051318e-01
7.444284110950777356e-01
7.441077441077441623e-01
7.380150713484047165e-01
7.476350809684143561e-01
7.490780824114157133e-01
7.375340708674041901e-01
7.452300785634119462e-01
7.420234086900753256e-01
7.468334135000801455e-01
7.442680776014108934e-01
7.444284110950777356e-01
7.481160814494147715e-01
7.473144139810806719e-01
7.482764149430816136e-01
7.458714125380792037e-01
7.444284110950777356e-01
7.477954144620810872e-01
7.487574154240821400e-01
7.476350809684143561e-01
7.493987493987493975e-01
7.554914221580888434e-01
7.503607503607503393e-01
7.537277537277536910e-01
