7.410698418340146143e-02
7.073040696641194058e-01
7.384929802736804882e-01
7.599075884130087610e-01
7.753687577750133508e-01
7.915407854984893854e-01
7.336058290385640834e-01
8.036253776435045015e-01
8.161542562644392707e-01
8.319708548071796939e-01
8.220188377465790230e-01
8.306379953794206239e-01
8.427225875244357400e-01
8.501866003198862431e-01
8.482317398258396590e-01
8.533854629465078556e-01
8.552514661453705092e-01
8.476985960547360754e-01
8.508974586813576879e-01
8.621823351697174287e-01
8.644926248444997352e-01
8.628931935311888735e-01
8.544517504887151338e-01
8.665363426337302499e-01
8.700017771459036542e-01
8.710680646881109324e-01
8.614714768082459839e-01
8.696463479651679318e-01
8.741780700195486142e-01
8.644037675493158046e-01
8.727563532966056137e-01
8.782655055980096437e-01
8.768437888750666431e-01
8.750666429713879202e-01
8.791540785498489496e-01
8.748889283810200590e-01
8.729340678869734749e-01
8.680469166518570701e-01
8.820863692909187703e-01
8.826195130620223539e-01
8.816420828149991173e-01
8.835080860138617709e-01
8.830637995379421179e-01
8.801315087968721862e-01
8.866180913452994528e-01
8.811089390438955338e-01
8.868846632308512445e-01
8.869735205260351751e-01
8.831526568331260485e-01
8.887506664297138981e-01
8.871512351164030363e-01
8.860849475741958692e-01
8.891949529056335511e-01
8.853740892127243134e-01
8.898169539719210652e-01
8.831526568331260485e-01
8.892838102008174817e-01
8.884840945441621063e-01
8.819086547005509091e-01
8.907055269237604822e-01
8.905278123333926210e-01
8.918606717611515800e-01
8.890172383152656899e-01
8.922161009418873023e-01
8.837746578994135627e-01
8.955038208636929564e-01
8.893726674960014122e-01
8.940821041407499559e-01
8.947929625022214006e-01
8.933712457792785111e-01
8.964812511107161930e-01
8.923049582370712329e-01
8.963035365203483318e-01
8.970143948818197766e-01
8.994135418517860137e-01
8.966589657010840542e-01
9.015461169362004590e-01
8.971921094721876377e-01
8.994135418517860137e-01
8.978141105384752629e-01
8.956815354540608176e-01
8.993246845566020831e-01
9.002132575084413890e-01
8.955926781588768870e-01
8.947929625022214006e-01
8.980806824240270547e-01
9.003021148036254306e-01
9.002132575084413890e-01
9.016349742313843896e-01
8.981695397192109853e-01
8.999466856228895972e-01
9.024346898880397649e-01
8.998578283277056666e-01
8.987915407854984995e-01
8.997689710325217360e-01
9.017238315265683202e-01
9.034121201350631125e-01
8.999466856228895972e-01
9.013684023458325978e-01
9.023458325928558343e-01
9.003909720988093612e-01
9.027901190687755983e-01
9.011018304602808060e-01
9.027901190687755983e-01
9.025235471832236955e-01
8.996801137373378054e-01
9.006575439843611530e-01
9.039452639061666961e-01
8.974586813577394295e-01
9.066109827616847250e-01
9.049226941531899326e-01
9.044784076772702797e-01
9.054558379242936272e-01
9.036786920206149043e-01
9.090989870268348927e-01
9.091878443220188233e-01
9.065221254665007944e-01
9.006575439843611530e-01
9.059889816953972108e-01
9.079438421894437949e-01
9.073218411231561698e-01
9.082992713701795173e-01
9.087435578460991703e-01
9.074106984183401003e-01
9.051004087435577938e-01
9.012795450506486672e-01
9.084769859605473785e-01
9.046561222676381409e-01
9.059889816953972108e-01
9.025235471832236955e-01
9.055446952194775578e-01
9.075884130087079615e-01
9.083881286653634479e-01
9.069664119424204474e-01
9.036786920206149043e-01
9.057224098098454190e-01
9.088324151412831009e-01
9.086547005509152397e-01
9.103429891594100321e-01
9.065221254665007944e-01
9.105207037497778932e-01
9.045672649724542103e-01
9.011018304602808060e-01
9.114981339968011298e-01
9.046561222676381409e-01
9.123867069486404358e-01
9.118535631775368522e-01
9.103429891594100321e-01
9.043006930869024185e-01
9.116758485871689910e-01
9.104318464545939626e-01
9.080326994846277255e-01
9.131864226052959221e-01
9.106984183401457544e-01
9.081215567798116561e-01
9.122089923582725746e-01
9.108761329305136156e-01
9.108761329305136156e-01
9.097209880931224069e-01
9.102541318642261015e-01
9.098098453883063375e-01
9.001244002132574584e-01
9.108761329305136156e-01
9.124755642438243664e-01
9.123867069486404358e-01
9.121201350630886440e-01
9.121201350630886440e-01
9.119424204727207828e-01
9.108761329305136156e-01
9.106095610449618238e-01
9.105207037497778932e-01
9.106984183401457544e-01
9.114092767016171992e-01
9.126532788341923386e-01
9.119424204727207828e-01
9.103429891594100321e-01
