8.969911542467389268e-03
3.881792102484341728e-02
1.867448841967279255e-02
2.150494157300886916e-02
1.519665819592259416e-02
1.707728066533560629e-02
1.997380973000857998e-02
1.614750657629701602e-02
2.246050599568211875e-02
1.687081184080602841e-02
2.221152220002916428e-02
1.186390627515150620e-02
1.828806847711848468e-02
1.179577601860297593e-02
1.299758249447785334e-02
1.207987687047666972e-02
1.031632257212532038e-02
9.973386402089638378e-03
9.459491834864778431e-03
1.094525615654868937e-02
1.097509056448075886e-02
1.435982830030120214e-02
8.953959734742326926e-03
1.074594226538256626e-02
9.389591322402374846e-03
1.137216199459004443e-02
1.202979831809149018e-02
9.496814693371572955e-03
9.567362241997749359e-03
1.107108964577021432e-02
9.544855537444611043e-03
1.083933610826851197e-02
1.118666516586163361e-02
9.451069546970501320e-03
9.941969415419613793e-03
8.423373744823483764e-03
1.021227431065367328e-02
1.145098230736185836e-02
8.951082798354577721e-03
1.088894394606295529e-02
7.825690404035693520e-03
1.196355353324487364e-02
7.539420927496634853e-03
1.259607153660788521e-02
9.082784252310672352e-03
1.011382876155280351e-02
9.802646313228113514e-03
9.294954343648565570e-03
7.208101639765463441e-03
7.819443594711629475e-03
9.756403924567624147e-03
9.022285515473493431e-03
9.250046892152464367e-03
9.666747356915379036e-03
8.784095335012875524e-03
8.072577636412643989e-03
7.846570172753693923e-03
8.103423712659246075e-03
7.025728400003708289e-03
1.069970285304292987e-02
7.768907163604238039e-03
7.683710275254158721e-03
9.870573630868699835e-03
7.163674821663311258e-03
1.143925676424404313e-02
7.295532873448923837e-03
7.178352436220436332e-03
6.894953938428026799e-03
7.513572278544865604e-03
1.356311925294292724e-02
7.577612152651957110e-03
7.377597852674442833e-03
6.978618940235002503e-03
8.993716916183917484e-03
6.868198292046242930e-03
9.208356374613698575e-03
7.027933905459975324e-03
8.181822734696569260e-03
7.566035964469564577e-03
7.075751886858731333e-03
7.199643486417831723e-03
8.645803499035362161e-03
6.769986606356278094e-03
1.054000957726323670e-02
7.406418821505983581e-03
1.004531693196298106e-02
6.545166612868101585e-03
7.073009597172489303e-03
7.062279853035912172e-03
6.494266224242810359e-03
1.011274462389661136e-02
8.554302770681244256e-03
7.118873580626196816e-03
6.857264121820619632e-03
9.035820739017916270e-03
9.366444725986453057e-03
8.030663823205639457e-03
7.033945217810716292e-03
8.055922126197915048e-03
6.565270604374424425e-03
7.751355876635221583e-03
6.543710348043123293e-03
8.524327942171982739e-03
6.912716975659365971e-03
8.169497260304742561e-03
8.161745400575574211e-03
7.710621431757994776e-03
6.761552916849691321e-03
7.172378469648792165e-03
6.536624210327362725e-03
6.448128395317788940e-03
7.928121750523488623e-03
7.131819499048051327e-03
6.094516150858275867e-03
7.507647117064768574e-03
6.485023522494745736e-03
6.909863130769878029e-03
6.007844097179762533e-03
8.283228595681806083e-03
6.885438376760083003e-03
6.517284419946932188e-03
6.548829422854428491e-03
6.058615186062822969e-03
5.791147248813972859e-03
6.368351000139329914e-03
6.203135466670654623e-03
6.609028330754503078e-03
8.528142672258603660e-03
6.266085170980566742e-03
9.025328621906233972e-03
6.095840990799582075e-03
6.014028668870092381e-03
6.433817624855221913e-03
6.206410309280920197e-03
5.924830155488041566e-03
8.764839926804480347e-03
6.812151023069098511e-03
7.341550408294237468e-03
6.779558020008537994e-03
7.777255470000223915e-03
6.204954856316623017e-03
8.010145479315965156e-03
6.584094958252914923e-03
6.853697016790958121e-03
6.441141618745696226e-03
7.349789117595100993e-03
6.390708790035347191e-03
6.703741054308096255e-03
6.088658822490432797e-03
6.347990989035881375e-03
6.389588605345285048e-03
7.670975756391871028e-03
6.674946897174881440e-03
8.221019869747157524e-03
7.973892171065057738e-03
7.821319933817417677e-03
6.879679016761247427e-03
6.293285697519273268e-03
6.965054283297310994e-03
6.742560689408227427e-03
6.687155156282621575e-03
6.502750664779007733e-03
6.689461072511327516e-03
6.102807520449735415e-03
6.574558084705661200e-03
6.618963633065714711e-03
6.461785633584009314e-03
6.117169409982237821e-03
5.696015798547534974e-03
6.300139472985795235e-03
5.992590753145968230e-03
5.725984803377649063e-03
5.852009799348480666e-03
6.068608599265379148e-03
5.773833948070009568e-03
6.431841456762551167e-03
5.888889727712436767e-03
6.707484482977905602e-03
6.319075328233434742e-03
6.166416361581007408e-03
7.882779581034731961e-03
6.539773181592564363e-03
6.232452607923871270e-03
6.762677646759373412e-03
7.417221927095222524e-03
6.171926765141686443e-03
6.347386955326474178e-03
6.163805478087419111e-03
6.632848414087316735e-03
5.755074527075423885e-03
5.693772585318093195e-03
5.977228454458145823e-03
6.146595405356690411e-03
5.870446847366745866e-03
7.908458245373188936e-03
7.964551099422555527e-03
6.468165665259757550e-03
5.644519347415202261e-03
5.581124235960627580e-03
6.488226275644787960e-03
5.853929827532682907e-03
