8.969911542467389268e-03
2.187891031466406705e-02
2.144165618747352620e-02
1.870604231141005658e-02
2.146849494359209798e-02
1.688715715280111884e-02
2.427550388559468128e-02
1.771352708050733665e-02
1.380584756690102569e-02
1.317103355104274655e-02
1.762913151531734016e-02
1.259487214841077847e-02
1.337296769540217457e-02
1.108904594921994793e-02
1.213061312524741329e-02
1.046553927136067291e-02
9.811278991487247872e-03
9.384885561286459080e-03
1.285186419060610312e-02
8.941373988962787386e-03
8.756857122805930191e-03
9.835994579612135011e-03
9.449503424713108155e-03
9.471460548300487600e-03
8.960285035373992055e-03
9.971620789992604802e-03
1.100948572481930468e-02
1.039127904126902965e-02
8.822707691531924551e-03
8.906222471096786678e-03
8.479308544744469656e-03
8.586916646393083150e-03
8.218289247477389425e-03
1.062527753195152865e-02
8.987746615343563880e-03
1.065490715969061308e-02
1.086001328188347832e-02
1.062807000002623931e-02
8.253105726803180303e-03
9.291103476074404066e-03
9.300498310003220068e-03
9.247693761250248140e-03
9.108392134408720142e-03
8.151136919047834162e-03
8.735581709589816668e-03
1.009042146851154426e-02
7.385693349087629929e-03
7.433058880020872346e-03
7.356849046775327909e-03
7.735787200146889558e-03
8.379470109235346437e-03
8.989217162603787073e-03
7.661223403282011943e-03
7.590993024313015883e-03
7.339706539623341332e-03
7.276863839673385244e-03
7.821193736532309690e-03
7.589124985989150612e-03
7.389801815889577782e-03
8.312000975355058816e-03
7.606141808462875929e-03
7.014200465710716467e-03
6.954666712686618894e-03
6.891330255193991138e-03
1.004377634472382493e-02
6.931456183088898979e-03
7.186499926899069489e-03
7.525724227826616208e-03
6.446025067816087140e-03
8.283661482119999628e-03
7.066833661638300366e-03
7.253409319691339965e-03
8.086117625483573226e-03
8.130469729119205527e-03
7.059854507173282494e-03
6.845335460754986383e-03
6.539366671178879417e-03
7.817629514603824381e-03
6.526082203825728754e-03
6.208652291555515242e-03
6.431214375509001699e-03
6.594511094271931356e-03
6.616719595283588988e-03
8.579557415151112948e-03
6.493006290791902661e-03
8.403421348941059535e-03
6.164460779132990842e-03
5.867505105093278987e-03
6.238813230814051203e-03
6.910770006150778778e-03
6.767353157077206534e-03
6.988280416403830179e-03
6.505000568123629236e-03
6.335315077437334540e-03
7.938224554085174245e-03
6.209346402672182193e-03
6.453731243235658055e-03
6.646008110973728594e-03
6.559413063908071592e-03
6.366015385364755773e-03
6.638235812926564748e-03
5.889151763847273215e-03
8.052251297969161350e-03
6.553949016225427138e-03
7.717350501410288714e-03
8.501408756245236800e-03
6.362458081431041253e-03
6.106769904643821398e-03
6.135188624156297579e-03
6.098960193192379253e-03
5.906249571466615916e-03
6.601259525123124618e-03
6.048474000418195724e-03
6.288594875276025918e-03
6.407161405295269327e-03
6.276228655982049077e-03
6.894758811077660726e-03
5.892634303528919773e-03
6.629629194566833729e-03
6.317567012073533640e-03
6.440662976452221807e-03
5.990738146380087531e-03
5.904491458031662504e-03
6.032364968259656610e-03
6.024852799344524411e-03
6.185060807077739746e-03
6.097132749501286454e-03
6.493208272561464163e-03
6.369407087727435232e-03
8.152185138862660246e-03
6.001902320727480096e-03
6.072637666831557507e-03
6.292485373471504162e-03
5.962765129397622904e-03
7.291491389824966349e-03
5.838264387050902740e-03
6.862701191572938633e-03
7.386237373612245666e-03
5.806333528711196679e-03
5.935979935231652620e-03
5.855252554052546056e-03
5.967817233068370419e-03
7.917515775596028343e-03
5.676157579522257690e-03
6.060954696211809031e-03
5.585712099482678661e-03
6.000315406202467484e-03
6.047343714292257449e-03
6.558928990519618044e-03
5.898025876255936183e-03
5.710997258587033505e-03
7.361346342844671438e-03
5.528421724675143187e-03
5.411431073317291875e-03
6.100866749850922602e-03
6.095021285948663131e-03
6.255295095624932578e-03
6.311879417059833124e-03
6.494651357382893835e-03
6.207402714018987050e-03
6.028272744088283494e-03
6.358282548680994559e-03
5.884687734796698738e-03
5.565124134563999986e-03
5.568733204872163695e-03
5.774891590265176025e-03
6.205354874969343237e-03
5.597800558618441433e-03
6.539687705277414352e-03
5.615325938893352825e-03
5.650800959376035305e-03
5.493907685306178255e-03
5.615447981271904851e-03
5.664865758842892868e-03
5.680706468992672599e-03
5.509645688584960399e-03
